1	80,982	163,8164	170,2620	145,648	200,8021	173,2069	92,647	26,4122	140,546	11,1913	160,6461	27,7905	40,9047	150,2183	61,9146	159,7420	198,1724	114,508	104,6647	30,4612	99,2367	138,7896	169,8700	49,2437	125,2909	117,2597	55,6399	
2	42,1689	127,9365	5,8026	170,9342	131,7005	172,1438	34,315	30,2455	26,2328	6,8847	11,1873	17,5409	157,8643	159,1397	142,7731	182,7908	93,8177	
3	57,1239	101,3381	43,7313	41,7212	91,2483	31,3031	167,3877	106,6521	76,7729	122,9640	144,285	44,2165	6,9006	177,7097	119,7711	
4	162,3924	70,5285	195,2490	72,6508	126,2625	121,7639	31,399	118,3626	90,9446	127,6808	135,7582	159,6133	106,4769	52,9267	190,7536	78,8058	75,7044	116,6771	49,619	107,4383	89,6363	54,313	
5	200,4009	112,1522	25,3496	23,9432	64,7836	56,8262	120,1862	2,8026	90,8919	142,1195	81,2469	182,8806	17,2514	83,8407	146,5308	147,1087	51,22	
6	141,8200	98,5594	66,6627	159,9500	143,3110	129,8525	118,8547	88,2039	83,4949	165,6473	162,6897	184,8021	123,13	176,3512	195,2233	42,7265	47,274	132,1514	2,8847	171,3722	3,9006	
7	156,7027	187,9522	87,4976	121,8739	56,6616	10,2904	71,8206	53,179	146,4823	165,6019	125,5670	27,4888	63,9920	150,9031	84,4061	
8	152,1257	189,2780	58,4708	26,8342	199,1918	31,3987	35,3160	71,5829	27,3483	69,8815	130,55	168,2076	122,5338	73,4528	28,9996	17,3535	40,3193	72,7308	24,8434	87,2833	25,3949	175,1022	177,8508	
9	152,1087	115,7827	17,7002	72,794	150,4539	190,3613	95,9480	36,5284	166,8702	63,1753	199,70	131,700	76,9340	70,2	139,8701	140,4163	180,5995	
10	57,9988	78,3771	62,4816	137,5273	7,2904	187,4786	184,3207	96,807	31,1184	88,2539	135,4650	168,9495	164,3866	11,8988	116,1493	51,5578	171,2029	
